1
1
1
0.9999999999999998
1
0.9999999999999998
0.9999999999999999
1
1
1
1
0.9999351838457846
1
1
0.9999999999999999
0.9999999999999999
1
1
0.9999999999999999
0.9999999999999999
1
1
1
1
1
1
0.9999999999999998
1
1
1
1
1
1
0.9999999999999999
0.9999999999999999
1
1
1
0.9999999999999999
1
1
1
1
0.9999999999999998
1
1
1
0.9999072773341854
1
1
1
0.9999999999999999
1
0.9999999999999999
1
0.9999999999999999
0.9999999999999999
1
1
1
1
1
1
1
0.9999999999999999
1
1
1
0.9999999999999998
1
0.9999999999999998
1
1
0.9999999999999998
1
1
1
0.9999999999999999
0.9999999999999998
1
1
1
1
1
1
1
1
0.9999999999999998
0.9999999999999999
1
1
0.9999999999999999
1
1
1
0.9999999999999999
1
0.9999999999999999
1
1
1
1
1
0.9999999999999999
0.9999999999999999
0.9999999999999998
0.9999999999999999
1
1
1
1
1
1
1
0.9999999999999999
0.9999999999999999
0.9999999999999999
1
1
1
0.9999999999999999
1
1
1
1
0.9999738451712727
1
1
1
0.9999999999999998
0.9999999999999998
1
0.9999999999999999
1
1
1
0.9999999999999999
1
1
0.9997917280920258
0.9999999999999998
1
1
1
1
1
1
1
0.9999999999999999
1
1
0.9999999999999998
0.9999968690393598
1
1
1
0.9999999999999998
0.9999999999999999
1
1
0.9999999999999999
1
0.9999999999999998
1
0.9999999999999999
1
1
1
1
1
1
1
0.9999999999999998
1
1
1
1
1
1
0.9999999999999999
1
1
0.9999999999999998
1
0.9999999999999999
1
1
1
0.9999999999999999
1
1
1
1
0.9999999999999999
1
1
0.9999999999999999
1
1
1
1
1
1
1
1
1
0.9999999999999999
0.9999999999999999
1
1
1
1
1
1
1
1
1
1
1
0.9999999999999999
1
1
0.9999999999999999
