[0]
[1]
[2]
[3]
[4]
[5]
[6]
[7, 8]
[9]
[9]
[9]
[10]
[10]
[10]
[10]
[10]
[10]
[10]
[10]
[10]
[10]
[10]
[10]
[10]
[11]
[12]
[13]
[14]
[15]
[16]
[17]
[18]
[18]
[19]
[20]
[20]
[20]
[21]
[22]
[23]
[24]
[24]
[25]
[25]
[25]
[26]
[27]
[27]
[27]
[28]
[28]
[28]
[28]
[28]
[29]
[30]
[31]
[32]
[33]
[34]
[35]
[35]
[36]
[36]
[36]
[37]
[38]
[39]
[40]
[40]
[41]
[42]
[43]
[44, 124]
[45]
[46]
[46]
[47]
[48]
[49]
[50]
[51]
[51]
[52]
[53]
[54]
[54]
[54]
[54]
[54]
[54]
[55]
[55]
[55]
[55]
[55]
[55]
[55]
[55]
[54]
[56]
[57]
[57]
[57]
[57]
[57]
[58]
[58]
[58]
[59]
[60]
[61]
[62]
[63]
[58]
[58]
[58]
[58]
[58]
[64]
[64]
[65]
[66]
[66]
[67]
[68, 87, 88]
[68]
[69]
[69]
[70]
[71]
[72]
[72]
[73]
[74]
[74]
[61]
[75]
[76]
[76]
[77]
[78]
[78]
[79]
[79]
[80]
[81]
[81]
[82]
[83]
[84]
[84]
[84]
[85]
[85]
[85]
[86]
[68]
[68]
[88]
[88]
[89]
[90]
[91]
[92]
[93, 139]
[94]
[94]
[95]
[96]
[96]
[97]
[98]
[99]
[99]
[100]
[101]
[102]
[103]
[104]
[105]
[106]
[106]
[107]
[108]
[109]
[109]
[110]
[111]
[112]
[112]
[113]
[114]
[115]
[116]
[116]
[117]
[118]
[119]
[120]
[121]
[123]
[123]
[123]
[125]
[126]
[127]
[128]
[129]
[130]
[131]
[132]
[136]
[143]
[146]
[148]
[149]
[150]
[131]
[131]
[131]
[131]
[131]
