0.9943898747284325
0.996281793656823
0.97710870683139
0.9586660723812634
0.991496218738095
0.9991706338185821
0.9913450237561434
1
0.9610126069629837
0.9788005508685919
0.9341917000644511
0.9898249718380167
0.9604760829747969
0.9583297074980481
0.97653119696772
0.9746874724944288
0.9671565995506939
0.9549556171272654
0.9876499398188041
0.9893520717190768
0.9823728465979704
0.9698558114607998
0.9932289310167088
0.9732207663855136
0.9825685446613711
0.9591368104673255
0.990491864002067
0.9725104135107852
0.9945722940444157
0.9949103177946788
0.9939093343992547
0.9925562093480216
0.9754570926210596
0.9366905611550246
0.9904411243364396
0.9976217398784635
0.9892333458790713
0.9949154619782633
0.9477994699763655
0.9687250304240804
0.9712044991078997
0.9179967283388402
0.9706625498784932
0.9949036345727472
0.9459722002728144
0.9617495700801696
0.9862870804533584
0.9911260395508055
0.9734964162696639
0.9906291289261825
0.954344919488567
0.9940257044418929
0.986503685920385
0.9958401939212832
0.9753521076578432
0.9455354015092391
0.999963095652575
0.9343785803615946
0.9153623276188302
0.9365859146244374
0.9349465808195861
0.938341379240739
0.956616284413414
0.9828736295628131
0.9999999999999999
0.9483655276668912
0.9941026173832624
0.9830935615743054
0.9789256037631224
0.989715218498211
0.9908455573107192
0.9661074355536139
0.9013579529396496
0.9362266780621452
0.9524512812108352
0.9746060058734527
0.970703671821127
0.9800520623787321
0.9637800033376492
0.9777095044567038
0.9784957822618324
0.9879692092816671
0.9507648528814803
0.9974521579066306
0.9044629697707606
0.9731773752719503
0.9787338966783388
1
0.9826725924177125
0.9592476751373298
0.9794672015301294
0.9403105093669307
0.9999999999999999
0.9613617295921777
0.9492077773411233
0.9848164302438766
0.9763283781086965
0.9517860710004828
0.9518546405965849
0.967302050058157
0.9963778546740457
0.9305215989996357
0.9632152943507785
0.9988856909863612
0.994519575524876
0.9853692565133172
0.9330740433661642
0.8929982861209732
0.9745493528223951
0.9659877606089065
0.9876408372666997
0.9815974184522802
0.9078364121430883
0.9972547561220614
0.9999999986718003
0.9795105503081444
0.9772980128409502
0.9451740521276181
0.9606869270052976
1
0.9873335633672127
0.9682703322039208
0.935706364088733
0.9277813805195794
1
0.9649844312648099
0.9624981597845311
0.9514678155024223
0.982308498982217
0.9182068561568554
0.9567453857534665
0.9171129030983091
0.9725229616709788
0.9347354485280449
0.9561059386997907
0.9040828359407569
0.9918538202939462
0.9976182399787792
0.9973681818407313
1
0.9491764381646874
0.9998138559840138
0.9831235038668501
0.984569882161524
0.9494983901926622
0.9650729770761688
0.932047857966446
0.9768035935567912
0.9806899494950738
0.9922147596955769
0.9798881748595061
0.9889989812031451
